# for '2020-04-02/hires_05h44m35s_2020-04-03_EDT.jpg'
274.965417 +36.064444 6872  1Kap  Lyr 18 19 51.7 +36 03 52  4.33 1421 1245
276.057500 +39.507222 6903  2Mu   Lyr 18 24 13.8 +39 30 26  5.12 1430 1185
279.234583 +38.783611 7001  3Alp  Lyr 18 36 56.3 +38 47 01  0.03 1390 1180
281.095417 +39.613056 7053  5Eps2 Lyr 18 44 22.9 +39 36 47  5.14 1376 1156
281.193333 +37.605000 7056  6Zet1 Lyr 18 44 46.4 +37 36 18  4.36 1361 1188
282.470417 +32.550833 7102  9Nu2  Lyr 18 49 52.9 +32 33 03  5.25 1311 1262
282.520000 +33.362778 7106 10Bet  Lyr 18 50 04.8 +33 21 46  3.45 1317 1249
283.625833 +36.898889 7139 12Del2 Lyr 18 54 30.2 +36 53 56  4.30 1328 1185
284.735833 +32.689444 7178 14Gam  Lyr 18 58 56.6 +32 41 22  3.24 1286 1245
285.003750 +32.145556 7192 15Lam  Lyr 19 00 00.9 +32 08 44  4.93 1279 1253
286.825417 +36.100278 7262 18Iot  Lyr 19 07 18.1 +36 06 01  5.28 1288 1178
288.439583 +39.146111 7298 20Eta  Lyr 19 13 45.5 +39 08 46  4.39 1297 1120
289.092083 +38.133611 7314 21The  Lyr 19 16 22.1 +38 08 01  4.36 1281 1131
127.566250 +60.718056 3323   1Omi UMa 08 30 15.9 +60 43 05  3.36 2443 423
134.801667 +48.041667 3569   9Iot UMa 08 59 12.4 +48 02 30  3.14 2679 537
135.906250 +47.156667 3594  12Kap UMa 09 03 37.5 +47 09 24  3.60 2695 556
143.214167 +51.677222 3775  25The UMa 09 32 51.4 +51 40 38  3.17 2602 594
147.747500 +59.038611 3888  29Ups UMa 09 50 59.4 +59 02 19  3.80 2467 583
154.274167 +42.914444 4033  33Lam UMa 10 17 05.8 +42 54 52  3.45 2704 782
155.582083 +41.499444 4069  34Mu  UMa 10 22 19.7 +41 29 58  3.05 2718 810
165.460417 +56.382500 4295  48Bet UMa 11 01 50.5 +56 22 57  2.37 2448 734
165.932083 +61.750833 4301  50Alp UMa 11 03 43.7 +61 45 03  1.79 2367 681
167.415833 +44.498611 4335  52Psi UMa 11 09 39.8 +44 29 55  3.01 2601 883
169.545833 +31.529167 4375  53Xi  UMa 11 18 11.0 +31 31 45  4.41 2738 1073
169.619583 +33.094167 4377  54Nu  UMa 11 18 28.7 +33 05 39  3.48 2719 1051
176.512500 +47.779444 4518  63Chi UMa 11 46 03.0 +47 46 46  3.71 2493 911
178.457500 +53.694722 4554  64Gam UMa 11 53 49.8 +53 41 41  2.44 2409 848
183.856667 +57.032500 4660  69Del UMa 12 15 25.6 +57 01 57  3.31 2332 838
193.507083 +55.959722 4905  77Eps UMa 12 54 01.7 +55 57 35  1.77 2275 901
200.981250 +54.925278 5054  79Zet UMa 13 23 55.5 +54 55 31  2.27 2223 947
206.885000 +49.313333 5191  85Eta UMa 13 47 32.4 +49 18 48  1.86 2209 1051
239.221250 -29.214167 5928   5Rho Sco 15 56 53.1 -29 12 51  3.88 1943 2348
239.712917 -26.114167 5944   6Pi  Sco 15 58 51.1 -26 06 51  2.89 1929 2302
240.083333 -22.621667 5953   7Del Sco 16 00 20.0 -22 37 18  2.32 1915 2249
241.359167 -19.805556 5984  8Bet1 Sco 16 05 26.2 -19 48 20  2.62 1887 2210
242.998750 -19.460556 6027  14Nu  Sco 16 11 59.7 -19 27 38  4.01 1859 2205
245.297083 -25.592778 6084  20Sig Sco 16 21 11.3 -25 35 34  2.89 1833 2298
247.351667 -26.431944 6134  21Alp Sco 16 29 24.4 -26 25 55  0.96 1799 2310
248.970833 -28.216111 6165  23Tau Sco 16 35 53.0 -28 12 58  2.82 1777 2338
252.540833 -34.293333 6241  26Eps Sco 16 50 09.8 -34 17 36  2.29 1736 2429
252.967500 -38.047500 6247    Mu1 Sco 16 51 52.2 -38 02 51  3.08 1743 2486